0001001100100000
0001001100100001
0001001100100010
0001001100100011
0001001100100100
0001001100100101
0001001100100110
0001001100100111
0001001100101000
0001001100101001
0001001100101010
0001001100101011
0001001100101100
0001001100101101
0001001100101110
0001001100101111
0001001100110000
0001001100110001
0001001100110010
0001001100110011
0001001100110100
0001001100110101
0001001100110110
0001001100110111
0001001100111000
0001001100111001
0001001100111010
0001001100111011
0001001100111100
0001001100111101
0001001100111110
0001001100111111
0001001101000000
0001001101000001
0001001101000010
0001001101000011
0001001101000100
0001001101000101
0001001101000110
0001001101000111
0001001101001000
0001001101001001
0001001101001010
0001001101001011
0001001101001100
0001001101001101
0001001101001110
0001001101001111
0001001101010000
0001001101010001
